# Hydrogen photoionization cross sections
# wavelength (nm)  |    cross sections (Mb)
1    5.56224E-06
2    5.58555E-05
3    2.11463E-04
4    5.38590E-04
5    1.10546E-03
6    1.98084E-03
7    3.23327E-03
8    4.93061E-03
9    7.13988E-03
10   9.92705E-03
11   1.33568E-02
12   1.74930E-02
13   2.23977E-02
14   2.81324E-02
15   3.47568E-02
16   4.23296E-02
17   5.09085E-02
18   6.05497E-02
19   7.13082E-02
20   8.32382E-02
21   9.63925E-02
22   1.10823E-01
23   1.26580E-01
24   1.43713E-01
25   1.62271E-01
26   1.82301E-01
27   2.03850E-01
28   2.26963E-01
29   2.51685E-01
30   2.78060E-01
31   3.06130E-01
32   3.35937E-01
33   3.67522E-01
34   4.00925E-01
35   4.36186E-01
36   4.73342E-01
37   5.12431E-01
38   5.53490E-01
39   5.96555E-01
40   6.41661E-01
41   6.88842E-01
42   7.38132E-01
43   7.89565E-01
44   8.43172E-01
45   8.98985E-01
46   9.57035E-01
47   1.01735E+00
48   1.07997E+00
49   1.14491E+00
50   1.21220E+00
51   1.28187E+00
52   1.35396E+00
53   1.42848E+00
54   1.50546E+00
55   1.58493E+00
56   1.66690E+00
57   1.75142E+00
58   1.83849E+00
59   1.92815E+00
60   2.02041E+00